100

1 15 77 48 56 26 11 71 8 95 45 58 86 17 19 61 73 18 50 25 54 76 68 10 89 65 33 75 12 79 94 84 2 37 83 57 3 85 100 62 55 99 32 13 81 49 7 31 63 
92 90 14 91 51 38 53 41 4 93 34 6 67 60 5 74 36 23 43 16 29 24 30 69 87 88 98 80 21 44 27 42 70 22 35 39 52 82 47 59 40 97 96 

Inf Inf Inf Inf Inf Inf Inf Inf Inf Inf Inf Inf Inf Inf Inf Inf Inf Inf Inf Inf Inf Inf Inf Inf Inf Inf Inf Inf Inf Inf Inf Inf Inf Inf Inf Inf Inf Inf Inf Inf Inf Inf Inf Inf Inf Inf Inf Inf Inf Inf Inf Inf Inf Inf Inf Inf Inf Inf Inf Inf Inf Inf Inf Inf Inf Inf Inf Inf Inf Inf Inf Inf Inf Inf Inf Inf Inf Inf Inf Inf Inf Inf Inf Inf Inf Inf Inf Inf Inf Inf Inf Inf Inf Inf Inf Inf Inf Inf Inf Inf 

104
1 52 630
2 20 909
3 64 506
5 3 402
5 22 801
5 45 662
5 70 200
5 85 151
5 87 882
5 88 451
5 94 606
5 95 987
5 96 464
5 98 1000
7 64 703
8 90 204
10 29 784
11 64 477
12 90 932
13 29 440
15 35 542
15 37 830
15 53 15
15 92 523
15 97 127
17 29 948
18 30 93
19 93 411
20 5 538
21 23 20
21 36 489
21 40 891
21 74 807
21 92 447
25 34 72
26 46 248
29 53 515
30 51 877
31 30 988
32 20 633
33 64 453
34 53 730
37 29 251
42 6 866
42 9 714
42 24 631
42 27 742
42 38 216
42 47 468
43 14 668
43 39 887
43 59 316
43 66 870
43 80 544
43 91 366
45 52 902
46 21 415
48 29 622
49 46 689
50 90 163
51 4 525
51 41 683
51 44 716
51 60 140
51 67 212
51 72 515
52 43 852
53 16 66
53 28 440
53 35 154
53 69 707
53 78 990
53 82 917
54 52 366
55 52 463
56 93 804
57 46 472
58 97 427
61 46 132
62 34 756
63 90 955
64 43 577
65 46 350
68 20 136
71 30 390
73 64 886
75 30 809
76 97 254
77 7 547
77 20 652
79 34 652
81 93 825
83 93 861
84 97 680
85 30 601
86 20 143
89 93 456
90 5 441
93 42 104
94 52 216
95 34 29
97 51 290
99 97 952
100 90 818
