126

1 18 96 60 69 32 12 88 89 119 55 71 107 17 20 74 90 2 4 27 65 94 84 10 111 79 36 92 5 98 118 104 57 38 102 21 93 105 126 7 62 125 103 106 30 51 97 117 70 83 109 87 49 16 80 67 91 24 120 64 59 22 3 23 39 63 82 73 123 54 99 37 52 122 35 40 124 11 115 116 58 68 50 113 121 
100 48 8 26 112 85 28 77 81 41 101 45 42 61 13 9 43 33 34 29 31 72 

681910962 1463179852 832633821 316824712 1213110679 1049077006 2063936098 428975319 1351345223 1398556760 1023129506 436476770 1936329094 304987844 1901915394 348318738 784559590 290145159 971307217 1848682420 1086531968 1771024152 889119397 1567121210 140002776 1968456301 2124639789 957828015 1105222769 1732267506 454233502 1887638 897054849 1796198014 175530180 458588260 834991545 578134256 605925150 24301412 2111482797 1760348381 855007065 218264607 1363045322 1284660444 684570285 1509658266 347221711 1847320614 1135048762 1262976197 795054873 959637304 832861200 168068960 545293947 2018984926 988774857 1300601360 1380786643 2083245269 1812423303 1518163459 1618907920 9135231 171620203 1939824520 13618676 1168279879 463482574 1346174542 222902971 118710299 344185621 1026076958 1116666771 322791560 1790318751 2119315080 1051519025 263081550 1318824511 1799809565 911254352 1633413200 1429157787 450031625 1174619517 377901842 1476211373 1795739911 2090245054 172556929 1652354189 1651659860 1609005592 476026939 501848671 1421620240 2038299453 1333685350 115307827 1114919531 2098478515 706642601 1596168661 368034324 2018044936 265963216 702715827 2008416046 516341991 905333258 622268744 464685718 1528073014 822102918 987333029 1708006727 6933754 1427408396 401203083 1301377876 746232675 1094482710 

177
1 77 868
2 95 111
3 15 549
4 45 97
5 15 192
6 112 480
7 61 692
8 29 704
9 29 528
10 76 517
11 53 246
12 6 932
13 9 291
13 11 125
13 14 834
13 15 232
13 25 289
13 29 517
13 38 666
13 42 459
13 46 567
13 47 515
13 48 843
13 49 377
13 53 265
13 54 374
13 58 74
13 64 321
13 65 49
13 68 345
13 75 51
13 80 795
13 90 416
13 91 756
13 94 635
13 106 720
13 109 203
13 111 156
13 112 281
13 118 466
13 122 561
13 126 12
14 29 279
15 31 5
16 43 491
17 2 640
17 4 820
17 5 800
17 8 358
17 13 145
17 17 315
17 20 603
17 24 6
17 35 645
17 36 667
17 39 145
17 41 335
17 52 647
17 59 694
17 71 480
17 72 822
17 77 292
17 89 375
17 96 794
17 98 855
17 100 10
17 102 390
17 116 378
18 28 312
19 112 414
20 11 840
20 75 156
20 94 294
21 28 381
22 100 98
23 108 611
24 76 274
25 56 408
26 31 953
27 43 519
28 112 487
29 34 417
30 46 926
31 33 703
32 61 469
35 6 523
36 66 699
37 114 732
38 26 922
39 85 668
40 110 321
41 56 144
42 112 822
43 56 921
44 31 535
45 31 784
46 48 606
47 48 236
48 34 507
49 45 520
50 75 612
51 13 930
52 25 32
53 56 277
54 28 152
55 46 573
56 34 437
57 14 141
58 8 552
59 66 668
60 114 998
61 48 487
62 6 763
63 86 496
64 81 699
65 78 23
66 112 252
67 42 977
68 72 598
69 25 640
70 75 832
71 13 160
72 31 531
73 26 589
74 47 42
75 56 939
76 31 231
77 48 514
78 48 682
79 81 738
80 78 162
81 48 900
82 14 572
83 47 920
84 9 857
85 48 276
86 112 859
87 95 724
88 110 691
89 44 816
90 19 344
91 9 575
92 100 23
93 101 587
94 42 562
95 29 598
96 101 149
97 8 431
98 108 671
99 101 503
100 29 652
101 29 651
102 77 222
103 44 78
104 86 67
105 114 168
106 53 590
107 8 946
108 56 936
109 19 602
110 29 711
111 41 675
112 33 123
113 47 936
114 31 697
115 46 108
116 13 383
117 72 506
118 85 346
119 53 542
120 41 532
121 19 773
122 61 52
123 77 442
124 44 36
125 110 714
126 25 27
